SampleID	Edad	Tamano_Tumoral	Grado_Histologico	KI67 	Her2_neu  	Receptor_Estrogeno 	Receptor_Progesterona 	Ganglio 	Subtipo	Estadio	Tabaco 	Alcohol  	Embarazo 	Lactancia 	Estado_menstrual  Sample
80	1	0	3	1	0	0	0	0	3	0	0	0	1	1	1	80
89	1	1	3	1	1	1	0	1	1	0	0	0	1	1	1	89
99-2	1	1	3	1	0	1	0	1	0	0	0	0	1	0	1	99
139	0	1	3	1	0	1	1	0	0	0	0	0	1	1	0	139
142	1	0	2	0	0	1	1	1	0	0	0	0	0	0	1	142
156	1	1	2	1	0	1	0	0	0	0	0	0	1	0	1	156
324	0	1	1	0	0	1	1	0	0	0	0	0	1	1	0	324
339	1	1	3	1	1	1	1	0	1	0	0	0	unknown	unknown	1	339
353	1	0	3	1	1	1	1	1	1	0	0	0	1	unknown	1	353
360	1	0	1	1	0	1	1	1	0	0	0	0	1	1	1	360
373	1	0	1	1	0	1	1	0	0	0	1	0	unknown	unknown	1	373
377	1	1	3	1	0	0	0	1	3	0	0	0	1	1	1	377
392	0	1	1	1	0	1	1	0	0	0	0	0	0	0	1	392
407	1	0	2	0	0	1	1	0	0	0	1	1	1	1	1	407
433	1	1	2	1	0	1	1	1	0	0	0	0	1	1	1	433
514	1	1	1	1	1	1	1	1	1	0	1	0	1	1	1	514
524	1	1	2	1	0	1	1	1	0	0	1	1	1	0	1	524
525	1	0	3	1	0	0	0	0	3	0	0	0	0	unknown	1	525
545	1	0	2	1	1	1	1	0	1	0	0	0	0	0	1	545
602	0	1	1	1	0	1	1	0	0	0	0	1	1	1	0	602
625	1	1	3	1	0	1	1	1	0	0	0	0	1	1	1	625
633	0	1	2	1	0	1	1	1	0	0	0	0	1	1	0	633
689	1	1	2	1	0	0	0	0	3	0	0	0	1	0	1	689
697	1	1	2	1	1	1	1	1	1	0	0	0	unknown	unknown	unknown	697
701	1	1	3	1	0	1	1	1	0	0	0	0	1	0	1	701
711	1	0	2	1	0	1	1	1	0	0	1	0	1	1	1	711
739	1	1	3	1	1	0	0	1	2	0	0	0	1	1	1	739
840	0	0	2	1	0	1	0	0	0	0	0	0	1	1	0	840
929	0	1	3	1	0	1	1	1	0	0	0	0	1	0	0	929
939	0	1	3	1	0	1	1	1	0	0	0	0	1	0	0	939
1001	1	0	1	1	0	1	1	0	0	0	1	1	1	1	1	1001
1016	1	1	2	1	0	1	1	0	0	0	0	0	1	1	1	1016
607	1	1	2	1	0	1	1	1	0	1	1	0	1	1	1	607
728	1	1	2	1	1	1	0	1	1	1	1	0	1	1	1	728
